-0.017875 0.1877474313000107
-0.017625 0.0296443321000055
-0.017374999999999998 0.4940721859999968
-0.017124999999999998 -0.17786598559999334
-0.016874999999999998 -0.3853763033000064
-0.016624999999999997 -0.17786598559999334
-0.016374999999999997 -0.612649508399997
-0.016125 -0.039525773800008324
-0.015875 0.07905155059999913
-0.015624999999999998 -0.04940721749999
-0.015375 -0.4249020780999899
-0.015125 0.11857732540001109
-0.014875 -0.4545464091999918
-0.014624999999999999 0.039525775800015595
-0.014374999999999999 0.46442785490000915
-0.014124999999999999 0.29644331200000806
-0.013874999999999998 -0.15810309819998736
-0.013624999999999998 0.3557319741999976
-0.013374999999999998 -0.26679897889999893
-0.013124999999999998 -0.6422938394999989
-0.012874999999999998 -0.04940721749999
-0.012624999999999999 0.46442785490000915
-0.012374999999999999 0.3656134179000077
-0.012124999999999999 0.5434794045000046
-0.011874999999999998 0.30632475569998974
-0.011624999999999998 -0.18774742930000343
-0.011375 0.29644331200000806
-0.011125 0.039525775800015595
-0.010875 0.5830051793000166
-0.010624999999999999 0.37549486160000356
-0.010374999999999999 0.22727320609999424
-0.010124999999999999 0.05928866319999315
-0.009874999999999998 0.5928866229999983
-0.009624999999999998 0.12845876909999276
-0.009374999999999998 0.7806340533000196
-0.009124999999999998 -0.3656134159000004
-0.008875 -0.19762887299999932
-0.008624999999999999 -0.08893299230000196
-0.008374999999999999 0.4940721859999968
-0.008124999999999999 0.3656134179000077
-0.007874999999999998 -0.09881443599999784
-0.007624999999999998 -0.1383402108000098
-0.007374999999999998 0.0296443321000055
-0.007124999999999999 -0.207510316699981
-0.006874999999999999 -0.5138350713999955
-0.006624999999999999 -0.08893299230000196
-0.006374999999999999 -0.3656134159000004
-0.0061249999999999985 -0.22727320409998697
-0.005874999999999998 -0.49407218399998953
-0.005624999999999998 -0.24703609149999295
-0.005374999999999998 -0.10869587969999372
-0.005124999999999998 -0.5237165150999914
-0.004874999999999999 -0.3754948595999963
-0.004624999999999999 13.162083009400007
-0.004374999999999999 236.29496319910004
-0.0041249999999999985 506.0979019839
-0.0038749999999999982 630.1594276374001
-0.003624999999999998 650.8511707452001
-0.003374999999999998 658.4302380631001
-0.0031249999999999993 662.946057834
-0.002874999999999999 671.5824396278
-0.002624999999999999 667.7484394722001
-0.0023749999999999986 669.3591147953
-0.0021249999999999984 672.2741406868
-0.0018749999999999982 665.71286207
-0.001624999999999998 663.4796557938
-0.0013749999999999978 662.1061351195001
-0.0011249999999999975 672.4025994549
-0.0008749999999999973 672.0271045943
-0.0006249999999999971 669.171367365
-0.00037499999999999686 670.6931096948
-0.00012499999999999664 663.6476403367001
0.0001250000000000001 675.1694036909
0.00037500000000000033 667.1160270754
0.0006250000000000006 676.0784965113
0.0008750000000000008 669.5962694441
0.001125000000000001 678.2721770127001
0.0013750000000000012 667.3828260553
0.0016250000000000014 672.6002283289
0.0018750000000000017 672.6199912163
0.002125000000000002 679.7049863492001
0.002375000000000002 672.4322437860001
0.0026250000000000023 672.6101097726
0.0028750000000000026 666.5527847845001
0.0031250000000000028 663.0053464962001
0.003375000000000003 659.1417020095
0.0036250000000000032 662.1753052254
0.003875 653.361057445
0.004125 610.4163031248
0.004375 453.4495699503
0.004625000000000001 71.98631735550002
0.004875000000000001 -0.2865618663000049
0.005125000000000001 -0.2173917604000053
0.005375000000000001 -0.15810309819998736
0.0056250000000000015 0.2865618683000122
0.005875000000000002 0.29644331200000806
0.006125000000000002 0.13834021280001707
0.006375000000000002 -0.05928866119998588
0.006625000000000002 0.4347835238000073
0.006875000000000003 0.08893299430000923
0.007125000000000003 0.29644331200000806
0.007375000000000003 0.1976288750000066
0.007625000000000003 0.00988144469999952
0.007875000000000004 -0.31620619740000677
0.008125 0.05928866319999315
0.008375 -0.16798454189999745
0.008625 0.6620567289000121
0.008875000000000001 -0.08893299230000196
