0.00025 541.95
0.0005 541.15
0.00075 543.5
0.001 540.1
0.00125 539.05
0.0015 540.1
0.00175 537.9
0.002 540.8
0.0022500000000000003 541.4
0.0025 540.75
0.00275 538.85
0.003 541.6
0.0032500000000000003 538.7
0.0035 541.2
0.00375 543.35
0.004 542.5
0.00425 540.2
0.0045000000000000005 542.8
0.00475 539.65
0.005 537.75
0.00525 540.75
0.0055 543.35
0.00575 542.85
0.006 543.75
0.00625 542.55
0.006500000000000001 540.05
0.00675 542.5
0.007 541.2
0.00725 543.95
0.0075 542.9
0.00775 542.15
0.008 541.3
0.00825 544
0.0085 541.65
0.00875 544.95
0.009000000000000001 539.15
0.00925 540
0.0095 540.55
0.00975 543.5
0.01 542.85
0.01025 540.5
0.0105 540.3
0.010750000000000001 541.15
0.011 539.95
0.01125 538.4
0.0115 540.55
0.01175 539.15
0.012 539.85
0.01225 538.5
0.0125 539.75
0.012750000000000001 540.45
0.013000000000000001 538.35
0.01325 539.1
0.0135 607.6
0.01375 1736.65
0.014 3101.85
0.01425 3729.6
0.0145 3834.3
0.014750000000000001 3872.65
0.015 3895.5
0.01525 3939.2
0.0155 3919.8
0.01575 3927.95
0.016 3942.7
0.01625 3909.5
0.0165 3898.2
0.01675 3891.25
0.017 3943.35
0.01725 3941.45
0.0175 3927
0.017750000000000002 3934.7
0.018000000000000002 3899.05
0.01825 3957.35
0.0185 3916.6
0.01875 3961.95
0.019 3929.15
0.01925 3973.05
0.0195 3917.95
0.01975 3944.35
0.02 3944.45
0.02025 3980.3
0.0205 3943.5
0.02075 3944.4
0.021 3913.75
0.02125 3895.8
0.021500000000000002 3876.25
0.021750000000000002 3891.6
0.022 3847
0.02225 3629.7
0.0225 2835.45
0.02275 905.25
0.023 539.55
0.02325 539.9
0.0235 540.2
0.02375 542.45
0.024 542.5
0.02425 541.7
0.0245 540.7
0.02475 543.2
0.025 541.45
0.02525 542.5
0.025500000000000002 542
0.025750000000000002 541.05
0.026000000000000002 539.4
0.02625 541.3
0.0265 540.15
0.02675 544.35
108 540.55

среднее значение (для калибровки) 541y= 
