-0.0167 0.00025
-0.01645 -0.5237165150999914
-0.0162 -0.4446649654999959
-0.01595 -0.2964433100000008
-0.0157 0.00988144469999952
-0.01545 -0.30632475369998247
-0.0152 -0.4249020780999899
-0.01495 -0.17786598559999334
-0.0147 0.0296443321000055
-0.01445 0.108695881700001
-0.0142 -0.9387371505000033
-0.01395 -0.4347835218
-0.0137 -0.632412395800003
-0.01345 -1.2845876800000013
-0.0132 -0.612649508399997
-0.01295 -0.05928866119998588
-0.0127 0.04940721949999727
-0.01245 0.3359690868000058
-0.012199999999999999 -0.49407218399998953
-0.011949999999999999 -0.4347835218
-0.011699999999999999 -0.33596908479999854
-0.01145 -0.790515494999994
-0.0112 -1.156128911899998
-0.01095 -0.3853763033000064
-0.0107 -0.7312268328000044
-0.01045 -0.009881442699992249
-0.0102 -0.4545464091999918
-0.00995 0.7114639474000057
-0.0097 -0.15810309819998736
-0.00945 0.21739176240001257
-0.0092 0.9189742651000046
-0.00895 4.476293997100001
-0.0087 9.22926841680001
-0.00845 11.294490150100003
-0.008199999999999999 10.247057117900013
-0.007949999999999999 15.098845974599996
-0.0077 18.498062607400016
-0.00745 14.86169132580001
-0.0072 30.039588848999998
-0.00695 39.76292944980001
-0.006699999999999999 51.571254671300025
-0.006449999999999999 42.668073897599996
-0.006199999999999999 69.664178086
-0.00595 70.81042555519998
-0.0057 92.77687490030003
-0.00545 143.9627532663
-0.0052 137.53981486130004
-0.0049499999999999995 201.383822607
-0.004699999999999999 225.62300400310005
-0.004449999999999999 270.3661810767
-0.004199999999999999 316.2852499506001
-0.003949999999999999 342.68846751700005
-0.0037 386.41385588950004
-0.00345 416.5028519560001
-0.0031999999999999997 434.58589392700003
-0.0029499999999999995 471.42391604060003
-0.0026999999999999993 492.886411757
-0.002449999999999999 520.1196705942001
-0.002199999999999999 533.5485525825001
-0.0019500000000000003 549.1908779596
-0.0017000000000000001 558.9241000041001
-0.00145 599.5269521674
-0.0011999999999999997 603.0842718994
-0.0009499999999999995 594.8629107410001
-0.0006999999999999992 600.8115398484
-0.000449999999999999 597.5309005400001
-0.0001999999999999988 612.7285609506
5.000000000000143e-05 621.6712674991
0.00030000000000000165 609.2502927682001
0.0005500000000000019 597.8471067384
0.0008000000000000021 618.5388498462
0.0010500000000000023 601.2957305897
0.001299999999999999 599.4973078363
0.0015499999999999993 593.6079673911
0.0017999999999999995 567.3430900365
0.0020499999999999997 537.4517228440001
0.0023 524.2105882860001
0.00255 501.1176543591
0.0028000000000000004 462.18476618110003
0.0030500000000000006 441.83887360280005
0.003300000000000001 403.3012431728
0.003550000000000001 363.49878794920005
0.0038000000000000013 326.5224256238
0.0040500000000000015 301.0974709837001
0.004300000000000002 239.2001076469
0.004550000000000002 223.75541114380002
0.004800000000000002 195.28697184410004
0.005049999999999999 173.4885070419
0.005299999999999999 159.56555286860004
0.005549999999999999 112.17414888339998
0.0058 96.84802970470001
0.00605 66.3242501154
0.0063 60.37562100800001
0.00655 48.47836279319999
0.0068000000000000005 43.21155330110001
0.007050000000000001 42.76688833460001
0.007300000000000001 30.55342392140001
0.007550000000000001 13.67591808180002
0.007800000000000001 17.924938872800013
0.008050000000000002 42.32222336810001
0.008300000000000002 8.774722006600001
0.008550000000000002 4.011866143199995
0.008800000000000002 20.187789480099994
0.009050000000000002 9.515830284100005
0.0093 9.081046761300016
0.00955 4.31819089790001
0.0098 12.875521142099998
0.01005 12.164057195699996
