0.00025 0.00025 -0.09881443599999784
0.0005 -0.5237165150999914
0.00075 -0.4446649654999959
0.001 -0.2964433100000008
0.00125 0.00988144469999952
0.0015 -0.30632475369998247
0.00175 -0.4249020780999899
0.002 -0.17786598559999334
0.0022500000000000003 0.0296443321000055
0.0025 0.108695881700001
0.00275 -0.9387371505000033
0.003 -0.4347835218
0.0032500000000000003 -0.632412395800003
0.0035 -1.2845876800000013
0.00375 -0.612649508399997
0.004 -0.05928866119998588
0.00425 0.04940721949999727
0.0045000000000000005 0.3359690868000058
0.00475 -0.49407218399998953
0.005 -0.4347835218
0.00525 -0.33596908479999854
0.0055 -0.790515494999994
0.00575 -1.156128911899998
0.006 -0.3853763033000064
0.00625 -0.7312268328000044
0.006500000000000001 -0.009881442699992249
0.00675 -0.4545464091999918
0.007 0.7114639474000057
0.00725 -0.15810309819998736
0.0075 0.21739176240001257
0.00775 0.9189742651000046
0.008 4.476293997100001
0.00825 9.22926841680001
0.0085 11.294490150100003
0.00875 10.247057117900013
0.009000000000000001 15.098845974599996
0.00925 18.498062607400016
0.0095 14.86169132580001
0.00975 30.039588848999998
0.01 39.76292944980001
0.01025 51.571254671300025
0.0105 42.668073897599996
0.010750000000000001 69.664178086
0.011 70.81042555519998
0.01125 92.77687490030003
0.0115 143.9627532663
0.01175 137.53981486130004
0.012 201.383822607
0.01225 225.62300400310005
0.0125 270.3661810767
0.012750000000000001 316.2852499506001
0.013000000000000001 342.68846751700005
0.01325 386.41385588950004
0.0135 416.5028519560001
0.01375 434.58589392700003
0.014 471.42391604060003
0.01425 492.886411757
0.0145 520.1196705942001
0.014750000000000001 533.5485525825001
0.015 549.1908779596
0.01525 558.9241000041001
0.0155 599.5269521674
0.01575 603.0842718994
0.016 594.8629107410001
0.01625 600.8115398484
0.0165 597.5309005400001
0.01675 612.7285609506
0.017 621.6712674991
0.01725 609.2502927682001
0.0175 597.8471067384
0.017750000000000002 618.5388498462
0.018000000000000002 601.2957305897
0.01825 599.4973078363
0.0185 593.6079673911
0.01875 567.3430900365
0.019 537.4517228440001
0.01925 524.2105882860001
0.0195 501.1176543591
0.01975 462.18476618110003
0.02 441.83887360280005
0.02025 403.3012431728
0.0205 363.49878794920005
0.02075 326.5224256238
0.021 301.0974709837001
0.02125 239.2001076469
0.021500000000000002 223.75541114380002
0.021750000000000002 195.28697184410004
0.022 173.4885070419
0.02225 159.56555286860004
0.0225 112.17414888339998
0.02275 96.84802970470001
0.023 66.3242501154
0.02325 60.37562100800001
0.0235 48.47836279319999
0.02375 43.21155330110001
0.024 42.76688833460001
0.02425 30.55342392140001
0.0245 13.67591808180002
0.02475 17.924938872800013
0.025 42.32222336810001
0.02525 8.774722006600001
0.025500000000000002 4.011866143199995
0.025750000000000002 20.187789480099994
0.026000000000000002 9.515830284100005
0.02625 9.081046761300016
0.0265 4.31819089790001
0.02675 12.875521142099998
0.027 12.164057195699996
