0.00025 0.1877474313000107
0.0005 0.0296443321000055
0.00075 0.4940721859999968
0.001 -0.17786598559999334
0.00125 -0.3853763033000064
0.0015 -0.17786598559999334
0.00175 -0.612649508399997
0.002 -0.039525773800008324
0.0022500000000000003 0.07905155059999913
0.0025 -0.04940721749999
0.00275 -0.4249020780999899
0.003 0.11857732540001109
0.0032500000000000003 -0.4545464091999918
0.0035 0.039525775800015595
0.00375 0.46442785490000915
0.004 0.29644331200000806
0.00425 -0.15810309819998736
0.0045000000000000005 0.3557319741999976
0.00475 -0.26679897889999893
0.005 -0.6422938394999989
0.00525 -0.04940721749999
0.0055 0.46442785490000915
0.00575 0.3656134179000077
0.006 0.5434794045000046
0.00625 0.30632475569998974
0.006500000000000001 -0.18774742930000343
0.00675 0.29644331200000806
0.007 0.039525775800015595
0.00725 0.5830051793000166
0.0075 0.37549486160000356
0.00775 0.22727320609999424
0.008 0.05928866319999315
0.00825 0.5928866229999983
0.0085 0.12845876909999276
0.00875 0.7806340533000196
0.009000000000000001 -0.3656134159000004
0.00925 -0.19762887299999932
0.0095 -0.08893299230000196
0.00975 0.4940721859999968
0.01 0.3656134179000077
0.01025 -0.09881443599999784
0.0105 -0.1383402108000098
0.010750000000000001 0.0296443321000055
0.011 -0.207510316699981
0.01125 -0.5138350713999955
0.0115 -0.08893299230000196
0.01175 -0.3656134159000004
0.012 -0.22727320409998697
0.01225 -0.49407218399998953
0.0125 -0.24703609149999295
0.012750000000000001 -0.10869587969999372
0.013000000000000001 -0.5237165150999914
0.01325 -0.3754948595999963
0.0135 13.162083009400007
0.01375 236.29496319910004
0.014 506.0979019839
0.01425 630.1594276374001
0.0145 650.8511707452001
0.014750000000000001 658.4302380631001
0.015 662.946057834
0.01525 671.5824396278
0.0155 667.7484394722001
0.01575 669.3591147953
0.016 672.2741406868
0.01625 665.71286207
0.0165 663.4796557938
0.01675 662.1061351195001
0.017 672.4025994549
0.01725 672.0271045943
0.0175 669.171367365
0.017750000000000002 670.6931096948
0.018000000000000002 663.6476403367001
0.01825 675.1694036909
0.0185 667.1160270754
0.01875 676.0784965113
0.019 669.5962694441
0.01925 678.2721770127001
0.0195 667.3828260553
0.01975 672.6002283289
0.02 672.6199912163
0.02025 679.7049863492001
0.0205 672.4322437860001
0.02075 672.6101097726
0.021 666.5527847845001
0.02125 663.0053464962001
0.021500000000000002 659.1417020095
0.021750000000000002 662.1753052254
0.022 653.361057445
0.02225 610.4163031248
0.0225 453.4495699503
0.02275 71.98631735550002
0.023 -0.2865618663000049
0.02325 -0.2173917604000053
0.0235 -0.15810309819998736
0.02375 0.2865618683000122
0.024 0.29644331200000806
0.02425 0.13834021280001707
0.0245 -0.05928866119998588
0.02475 0.4347835238000073
0.025 0.08893299430000923
0.02525 0.29644331200000806
0.025500000000000002 0.1976288750000066
0.025750000000000002 0.00988144469999952
0.026000000000000002 -0.31620619740000677
0.02625 0.05928866319999315
0.0265 -0.16798454189999745
0.02675 0.6620567289000121
0.027 -0.08893299230000196
