0.00025 1016.23
0.0005 1018.28
0.00075 1017.6
0.001 1016.4
0.00125 1010.53
0.0015 1014.55
0.00175 1020.55
0.002 1014.33
0.0022500000000000003 1012.1
0.0025 1013.6
0.00275 1013.23
0.003 1011.58
0.0032500000000000003 1015.3
0.0035 1014.43
0.00375 1012.38
0.004 1025.5
0.00425 1018.23
0.0045000000000000005 1010.58
0.00475 1013.58
0.005 1019.2
0.00525 1014.15
0.0055 1017.85
0.00575 1011.43
0.006 1020.38
0.00625 1020.18
0.006500000000000001 1014.63
0.00675 1014.8
0.007 1009.68
0.00725 1017.7
0.0075 1012.63
0.00775 1011.08
0.008 1013.43
0.00825 1022.08
0.0085 1013.75
0.00875 1021.63
0.009000000000000001 1019.23
0.00925 1012.3
0.0095 1018.48
0.00975 1027
0.01 1021.33
0.01025 1013.18
0.0105 1010.05
0.010750000000000001 1021.6
0.011 1015.1
0.01125 1022.88
0.0115 1014.05
0.01175 1015.43
0.012 1019.5
0.01225 1010.98
0.0125 1014.08
0.012750000000000001 1019.55
0.013000000000000001 1010.85
0.01325 1014.45
0.0135 1012.1
0.01375 1011.13
0.014 1017.3
0.01425 1009.7
0.0145 1011.9
0.014750000000000001 1016.25
0.015 1012.6
0.01525 1020.08
0.0155 1007.93
0.01575 1015.68
0.016 1017.83
0.01625 1016
0.0165 1015.45
0.01675 1021.93
0.017 1015.5
0.01725 1025.88
0.0175 1019.53
0.017750000000000002 1023.63
0.018000000000000002 1012.65
0.01825 1011.1
0.0185 1015.2
0.01875 1014.6
0.019 1019.55
0.01925 1013.73
0.0195 1020.18
0.01975 1021.03
0.02 1013.7
0.02025 1020.18
0.0205 1030.1
0.02075 1021.05
0.021 1011.23
0.02125 1019.43
0.021500000000000002 1020.83
0.021750000000000002 1025.7
0.022 1026.95
0.02225 1014.58
0.0225 1019.73
0.02275 1026.15
0.023 1012.03
0.02325 1019.08
0.0235 1013.9
0.02375 1013.75
0.024 1023.6
0.02425 1023.33
0.0245 1017.18
0.02475 1021.08
0.025 1008.25

среднее значение 1016.639
ф-ция: 0 = k*541 + b
	94 = k*1016.639 + b
	k = 0,197628874
	b = -106,917220833
