-0.017875 0.5593857215732431
-0.017625 0.22227734964830725
-0.017374999999999998 0.9074434656403274
-0.017124999999999998 0.5444660773026381
-0.016874999999999998 0.8014323669738727
-0.016624999999999997 0.5444660773026381
-0.016374999999999997 1.0104862760077422
-0.016125 0.2566637677325737
-0.015875 0.36297738818462494
-0.015624999999999998 0.286958816731571
-0.015375 0.8415284488159921
-0.015125 0.4445546936729891
-0.014875 0.8703891937901418
-0.014624999999999999 0.2566637742261771
-0.014374999999999999 0.8797990820825791
-0.014124999999999999 0.7029026864841819
-0.013874999999999998 0.5133275403352577
-0.013624999999999998 0.7699913140202704
-0.013374999999999998 0.6668320364479586
-0.013124999999999998 1.0346447373374101
-0.012874999999999998 0.286958816731571
-0.012624999999999999 0.8797990820825791
-0.012374999999999999 0.7806123855666223
-0.012124999999999999 0.95173473589021
-0.011874999999999998 0.7145216998104277
-0.011624999999999998 0.5593857185937735
-0.011375 0.7029026864841819
-0.011125 0.2566637742261771
-0.010875 0.9857359173903328
-0.010624999999999999 0.7910908729933239
-0.010374999999999999 0.6154581032315065
-0.010124999999999999 0.3143476398299425
-0.009874999999999998 0.9940545114160811
-0.009624999999999998 0.46270719521095405
-0.009374999999999998 1.1406387489034522
-0.009124999999999998 0.7806123834315386
-0.008875 0.5739176378192248
-0.008624999999999999 0.3849956543044825
-0.008374999999999999 0.9074434656403274
-0.008124999999999999 0.7806123855666223
-0.007874999999999998 0.40582105251781
-0.007624999999999998 0.48017394556557974
-0.007374999999999998 0.22227734964830725
-0.007124999999999999 0.5880905779157677
-0.006874999999999999 0.9254143859194427
-0.006624999999999999 0.3849956543044825
-0.006374999999999999 0.7806123834315386
-0.0061249999999999985 0.6154581005234867
-0.005874999999999998 0.907443463803659
-0.005624999999999998 0.6416594261496164
-0.005374999999999998 0.425628710850184
-0.005124999999999998 0.9342702277713797
-0.004874999999999999 0.7910908708865207
-0.004624999999999999 4.683674307172381
-0.004374999999999999 19.845023020021085
-0.0041249999999999985 29.043011264441915
-0.0038749999999999982 32.407803269104804
-0.003624999999999998 32.93557273286742
-0.003374999999999998 33.126782670600036
-0.0031249999999999993 33.240187971640594
-0.002874999999999999 33.45600194354271
-0.002624999999999999 33.36036669143492
-0.0023749999999999986 33.40057671147062
-0.0021249999999999984 33.47322663181228
-0.0018749999999999982 33.30947968346749
-0.001624999999999998 33.25356261098952
-0.0013749999999999978 33.21912438941109
-0.0011249999999999975 33.476424526694906
-0.0008749999999999973 33.467075975110724
-0.0006249999999999971 33.395892146714694
-0.00037499999999999686 33.433842876512614
-0.00012499999999999664 33.25777203243126
0.0001250000000000001 33.545228266995494
0.00037500000000000033 33.34456545114461
0.0006250000000000006 33.56780442902842
0.0008750000000000008 33.406493117458965
0.001125000000000001 33.62221926575491
0.0013750000000000012 33.35123251234003
0.0016250000000000014 33.48134376855515
0.0018750000000000017 33.48183565299002
0.002125000000000002 33.65771299294314
0.002375000000000002 33.47716245905558
0.0026250000000000023 33.48158971167588
0.0028750000000000026 33.33048616468363
0.0031250000000000028 33.24167430841894
0.003375000000000003 33.14467533932361
0.0036250000000000032 33.2208595419956
0.003875 32.999016587493436
0.004125 31.896089183597415
0.004375 27.49089455166019
0.004625000000000001 10.95341022661436
0.004875000000000001 0.6910883521663552
0.005125000000000001 0.6019298968041673
0.005375000000000001 0.5133275403352577
0.0056250000000000015 0.691088354578019
0.005875000000000002 0.7029026864841819
0.006125000000000002 0.48017394903655675
0.006375000000000002 0.31434763452793757
0.006625000000000002 0.8512574265951197
0.006875000000000003 0.38499565863355145
0.007125000000000003 0.7029026864841819
0.007375000000000003 0.5739176407232525
0.007625000000000003 0.12833189198324477
0.007875000000000004 0.7259547706296938
0.008125 0.3143476398299425
0.008375 0.5291259174336443
0.008625 1.0504417554058008
0.008875000000000001 0.3849956543044825
