-0.0167 0.020412414523193152
-0.01645 -0.0167 -0.0167 0.020412414523193152
-0.01645 0.9342702277713797
-0.0162 0.8608764579388418
-0.01595 0.7029026841130532
-0.0157 0.12833189198324477
-0.01545 0.7145216974778565
-0.0152 0.8415284488159921
-0.01495 0.5444660773026381
-0.0147 0.22227734964830725
-0.01445 0.42562871476597414
-0.0142 1.2508244950831453
-0.01395 0.8512574246372245
-0.0137 1.0266550831056513
-0.01345 1.4632086203500405
-0.0132 1.0104862760077422
-0.01295 0.31434763452793757
-0.0127 0.2869588225396264
-0.01245 0.7482970519786977
-0.012199999999999999 0.907443463803659
-0.011949999999999999 0.8512574246372245
-0.011699999999999999 0.7482970497514101
-0.01145 1.14783527781646
-0.0112 1.3881215796295834
-0.01095 0.8014323669738727
-0.0107 1.1039526203601346
-0.01045 0.12833187899603804
-0.0102 0.8703891937901418
-0.00995 1.0889321584316796
-0.0097 0.5133275403352577
-0.00945 0.6019298995730491
-0.0092 1.2375878858354563
-0.00895 2.7313897552650133
-0.0087 3.9220038281470377
-0.00845 4.33868070387378
-0.008199999999999999 4.132605537652167
-0.007949999999999999 5.016447277805279
-0.0077 5.55248632106975
-0.00745 4.976895170987633
-0.0072 7.075731864266762
-0.00695 8.140733940069532
-0.006699999999999999 9.271035061892139
-0.006449999999999999 8.432879490186018
-0.006199999999999999 10.775294124833284
-0.00595 10.863580253550545
-0.0057 12.434955763243929
-0.00545 15.489929699985732
-0.0052 15.140443347829462
-0.0049499999999999995 18.320472274070884
-0.004699999999999999 19.39170802186251
-0.004449999999999999 21.227583512837725
-0.004199999999999999 22.959574979755182
-0.003949999999999999 23.89869130018769
-0.0037 25.377610075599453
-0.00345 26.347133049473655
-0.0031999999999999997 26.913004722841087
-0.0029499999999999995 28.030457126745784
-0.0026999999999999993 28.661426219369012
-0.002449999999999999 29.442590199522193
-0.002199999999999999 29.82025465413567
-0.0019500000000000003 30.254224993092564
-0.0017000000000000001 30.521142945071702
-0.00145 31.61030823870066
-0.0011999999999999997 31.70395011927799
-0.0009499999999999995 31.487111404006775
-0.0006999999999999992 31.64415532786426
-0.000449999999999999 31.557643039893417
-0.0001999999999999988 31.956443297885954
5.000000000000143e-05 32.18879897052959
0.00030000000000000165 31.86561084639155
0.0005500000000000019 31.56599189894086
0.0008000000000000021 32.10760164006337
0.0010500000000000023 31.65690368597083
0.001299999999999999 31.60952672418818
0.0015499999999999993 31.453880719531256
0.0017999999999999995 30.750151491130904
0.0020499999999999997 29.929130816090648
0.0023 29.55815139365113
0.00255 28.899759351913296
0.0028000000000000004 27.75442205550616
0.0030500000000000006 27.136656438687016
0.003300000000000001 25.926217206166683
0.003550000000000001 24.613640796287466
0.0038000000000000013 23.32818129872823
0.0040500000000000015 22.401542766206234
0.004300000000000002 19.96664333527713
0.004550000000000002 19.311283883772894
0.004800000000000002 18.041016778630674
0.005049999999999999 17.00433802700064
0.005299999999999999 16.307746261035994
0.005549999999999999 13.673218889700648
0.0058 12.704856663542753
0.00605 10.513820278994691
0.0063 10.031252913436754
0.00655 8.988730239694592
0.0068000000000000005 8.486415939714089
0.007050000000000001 8.442638641108202
0.007300000000000001 7.135991395898215
0.007550000000000001 4.774222114962817
0.007800000000000001 5.4657934576174165
0.008050000000000002 8.398633159439301
0.008300000000000002 3.8242040580579206
0.008550000000000002 2.5858158426307147
0.008800000000000002 5.800544439978601
0.009050000000000002 3.982426036998889
0.0093 3.8903827492291843
0.00955 2.6827196703780567
0.0098 4.632407786831811
0.01005 4.502602431872038
