 122 
 120 
 121 
 121 
 122 
 121 
 122 
 122 
 121 
 121 
 122 
 122 
 121 
 121 
 120 
 122 
 122 
 124 
 122 
 121 
 122 
 121 
 121 
 122 
 122 
 123 
 122 
 122 
 122 
 121 
 121 
 122 
 121 
 122 
 121 
 121 
 121 
 121 
 121 
 121 
 122 
 121 
 122 
 121 
 121 
 121 
 122 
 122 
 122 
 122 
 121 
 122 
 122 
 124 
 122 
 122 
 121 
 121 
 122 
 121 
 122 
 122 
 122 
 122 
 121 
 122 
 122 
 121 
 122 
 121 
 121 
 122 
 121 
 122 
 122 
 122 
 120 
 121 
 122 
 124 
 122 
 121 
 122 
 122 
 124 
 122 
 122 
 122 
 122 
 123 
 123 
 121 
 122 
 122 
 121 
 123 
 122 
 121 
 122 
 123 
 123 
 122 
 122 
 122 
 122 
 122 
 123 
 122 
 123 
 121 
 120 
 121 
 122 
 122 
 122 
 122 
 122 
 123 
 121 
 122 
 122 
 121 
 122 
 122 
 122 
 121 
 122 
 122 
 123 
 122 
 122 
 122 
 122 
 122 
 122 
 122 
 121 
 121 
 121 
 123 
 122 
 123 
 122 
 122 
 122 
 123 
 122 
 122 
 122 
 121 
 121 
 122 
 122 
 122 
 122 
 122 
 122 
 123 
 121 
 121 
 121 
 120 
 122 
 122 
 121 
 123 
 122 
 121 
 122 
 121 
 123 
 122 
 121 
 122 
 121 
 120 
 120 
 122 
 122 
 120 
 121 
 121 
 120 
 121 
 122 
 123 
 122 
 122 
 122 
 122 
 122 
 124 
 121 
 122 
 121 
 122 
 122 
 122 
 121 
 122 
 
 srednee 121.74
