 89 
 89 
 89 
 89 
 89 
 89 
 89 
 89 
 89 
 90 
 89 
 90 
 89 
 89 
 89 
 89 
 89 
 89 
 89 
 89 
 89 
 89 
 90 
 89 
 90 
 90 
 89 
 90 
 89 
 90 
 90 
 89 
 89 
 89 
 89 
 90 
 90 
 89 
 90 
 89 
 89 
 89 
 89 
 89 
 89 
 88 
 89 
 89 
 89 
 89 
 90 
 89 
 89 
 89 
 89 
 89 
 90 
 90 
 89 
 89 
 89 
 89 
 89 
 89 
 89 
 89 
 89 
 89 
 89 
 89 
 89 
 90 
 90 
 90 
 90 
 90 
 90 
 90 
 89 
 90 
 89 
 90 
 89 
 90 
 89 
 89 
 89 
 89 
 90 
 89 
 89 
 89 
 89 
 89 
 89 
 90 
 90 
 90 
 89 
 89 
 90 
 90 
 89 
 90 
 89 
 88 
 89 
 89 
 90 
 90 
 90 
 89 
 89 
 89 
 90 
 90 
 89 
 88 
 89 
 89 
 90 
 89 
 90 
 89 
 89 
 89 
 89 
 89 
 88 
 89 
 89 
 90 
 89 
 90 
 90 
 89 
 89 
 90 
 90 
 90 
 90 
 89 
 89 
 89 
 89 
 89 
 89 
 89 
 90 
 89 
 89 
 89 
 90 
 90 
 89 
 89 
 89 
 90 
 90 
 89 
 89 
 89 
 89 
 89 
 90 
 89 
 90 
 89 
 89 
 89 
 90 
 89 
 89 
 90 
 90 
 90 
 89 
 89 
 89 
 89 
 89 
 88 
 90 
 89 
 90 
 89 
 89 
 90 
 89 
 89 
 89 
 89 
 90 
 89 
 89 
 89 
 89 
 89 
 89 
 89 
 
 srednee 89.275
