0.2236067977499832
0.6164414002968901
0.5477225575051765
0.38729833462074903
0.399999999999978
0.399999999999978
0.5291502622129057
0.173205080756891
0.42426406871190864
0.509901951359265
0.8944271909999196
0.5385164807134606
0.7000000000000133
1.072380529476359
0.6855654600401001
0.3000000000000057
0.4472135954999664
0.7000000000000133
0.5916079783099528
0.5385164807134606
0.43588989435407566
0.8062257748298556
1.0099504938362154
0.4898979485566449
0.76811457478686
0.3741657386774012
0.5567764362829914
0.9327379053088865
0.1000000000000019
0.6082762530298335
1.0392304845413234
2.1633307652783906
3.0805843601498735
3.4029399054347094
3.2434549480453705
3.92810386828047
4.343961325794695
3.8974350539810163
5.527205442174191
6.35531273817426
7.23463889907437
6.582552696332934
8.40535543567314
8.474078120952155
9.697422337920527
12.076423311560422
11.804236527620073
14.281106399715675
15.11555490215295
16.54569430395715
17.89497136069237
18.626593891530465
19.778776504121787
20.534117950377123
20.974985101305794
21.845594521550566
22.337188721949772
22.945805716949668
23.240051635054513
23.578167867754274
23.786130412490387
24.634731579621484
24.707691110259574
24.53874487417806
24.661102976144434
24.59369837986959
24.904417278868426
25.085453952440247
24.833646530463465
24.600203251192863
25.022190151943136
24.671035649116963
24.634122675670834
24.51285377103205
23.964557162609953
23.324879420910197
23.035841638629137
22.522877258467666
21.63053397399149
21.149231664530983
20.206187171260193
19.183586734497805
18.182134088164677
17.46024054817115
15.563418647585111
15.052906696050435
14.063427747174584
13.255942063844424
12.713378779852349
10.661613386350115
9.907572861200668
8.201829064300231
7.826237921249264
7.014983962918233
6.624198064671676
6.5901441562381615
5.574047003748712
3.74032084185301
4.27668095606862
6.555913361233506
3.0049958402633417
2.0518284528683175
4.536518488885502
3.1272991542223765
3.056141357987225
2.1260291625469314
3.63042697213427
3.529872518944558
